8 6 7 2 5 4 3 0 1
8 6 7 2 5 4 0 3 1
8 6 7 0 5 4 2 3 1
8 6 7 5 0 4 2 3 1
8 0 7 5 6 4 2 3 1
8 7 0 5 6 4 2 3 1
8 7 4 5 6 0 2 3 1
8 7 4 5 0 6 2 3 1
8 7 4 5 3 6 2 0 1
8 7 4 5 3 6 2 1 0
8 7 4 5 3 0 2 1 6
8 7 4 5 0 3 2 1 6
8 7 4 0 5 3 2 1 6
0 7 4 8 5 3 2 1 6
7 0 4 8 5 3 2 1 6
7 4 0 8 5 3 2 1 6
7 4 3 8 5 0 2 1 6
7 4 3 8 0 5 2 1 6
7 4 3 8 1 5 2 0 6
7 4 3 8 1 5 0 2 6
7 4 3 0 1 5 8 2 6
0 4 3 7 1 5 8 2 6
4 0 3 7 1 5 8 2 6
4 1 3 7 0 5 8 2 6
4 1 3 7 2 5 8 0 6
4 1 3 7 2 5 0 8 6
4 1 3 0 2 5 7 8 6
0 1 3 4 2 5 7 8 6
1 0 3 4 2 5 7 8 6
1 2 3 4 0 5 7 8 6
1 2 3 4 5 0 7 8 6
1 2 3 4 5 6 7 8 0
